
41 29 33 4 28 3
13 27 8 46 17 5
50 2 21 36 42 9
28 49 8 7 47 4
48 36 17 9 30 10
3 15 40 45 39 6
50 36 49 43 36 4
11 41 24 36 23 2
48 19 14 30 43 7
47 29 15 4 3 4
38 15 10 40 11 9
24 5 45 1 40 10
26 37 48 14 37 5
21 11 41 33 37 1
24 12 33 34 1 7
24 48 35 27 45 3
36 36 50 29 47 1
34 37 1 41 42 4
11 32 13 29 46 10
16 5 25 37 4 8
5 19 39 18 50 1
8 23 30 48 31 9
3 36 11 28 20 7
45 49 17 24 14 10
12 20 5 34 36 6
21 18 50 43 34 2
4 12 22 37 14 10
31 11 50 46 14 5
27 45 1 28 12 3
33 42 15 47 50 3
5 14 17 14 46 1
46 30 38 5 5 2
45 36 37 18 21 8
16 23 38 26 26 7
43 22 38 47 48 8
11 44 9 15 45 8
42 24 31 33 28 6
30 8 41 3 14 5
20 33 43 42 28 3
7 13 7 29 4 1
31 1 4 19 43 8
18 5 26 24 48 2
11 8 45 47 31 2
22 20 34 27 10 3
30 31 7 28 31 3
38 46 31 43 6 5
9 15 14 48 35 2
