45 2 37 25 20 7
34 8 27 30 50 3
43 1 27 3 40 10
40 29 22 2 49 1
31 5 33 3 45 3
42 24 32 8 20 1
34 12 47 7 41 6
32 16 4 3 30 3
9 39 22 30 41 10
19 31 47 38 16 9
5 39 48 39 11 9
29 3 1 34 41 7
42 11 5 15 14 6
18 11 47 5 5 6
32 39 26 42 47 5
42 2 37 14 48 9
17 29 48 12 31 1
24 37 43 49 8 9
30 48 26 38 10 6
41 5 20 6 33 9
27 16 20 35 36 2
19 39 10 17 11 1
50 8 3 43 43 5
9 50 21 13 42 8
42 5 29 43 14 10
36 23 15 19 6 9
21 48 11 48 38 8
45 36 12 27 32 8
25 49 22 29 18 1
40 1 34 48 14 3
11 35 6 27 17 6
16 46 24 36 13 3
26 6 44 8 47 8
19 46 49 25 36 8
50 9 8 16 39 6
48 1 27 47 9 8
22 27 36 5 17 10
46 6 34 27 50 2
17 34 14 30 42 1
7 44 39 12 42 5
35 45 19 50 28 4
50 44 4 31 10 1
11 29 6 5 11 10
33 28 8 20 32 5
29 4 2 36 6 8
49 10 13 40 40 2
33 17 15 34 27 1
